-5.12    28.924713725785892
-5.0200000000000005    25.279252986855226
-4.920000000000001    25.443333199561348
-4.820000000000001    28.974607084349238
-4.7200000000000015    34.15221314585718
-4.620000000000002    38.63408627421405
-4.520000000000002    40.35154701314478
-4.420000000000003    38.299466800438736
-4.320000000000003    32.9201929156509
-4.220000000000003    25.934586854142974
-4.120000000000004    19.684713725786075
-4.020000000000004    16.239252986855284
-3.9200000000000044    16.60333319956127
-3.8200000000000047    20.334607084349038
-3.720000000000005    25.712213145856985
-3.6200000000000054    30.394086274213926
-3.520000000000006    32.311547013144775
-3.420000000000006    30.459466800438857
-3.3200000000000065    25.280192915651142
-3.220000000000007    18.4945868541432
-3.120000000000007    12.444713725786235
-3.0200000000000076    9.199252986855328
-2.920000000000008    9.763333199561176
-2.8200000000000083    13.694607084348851
-2.7200000000000086    19.27221314585678
-2.620000000000009    24.154086274213782
-2.5200000000000093    26.271547013144755
-2.4200000000000097    24.61946680043898
-2.32000000000001    19.64019291565134
-2.2200000000000104    13.054586854143434
-2.1200000000000108    7.204713725786384
-2.020000000000011    4.159252986855355
-1.9200000000000115    4.923333199561062
-1.8200000000000118    9.054607084348651
-1.7200000000000122    14.832213145856532
-1.6200000000000125    19.914086274213616
-1.520000000000013    22.231547013144716
-1.4200000000000133    20.77946680043907
-1.3200000000000136    16.00019291565154
-1.220000000000014    9.614586854143651
-1.1200000000000143    3.964713725786531
-1.0200000000000147    1.1192529868553684
-0.920000000000015    2.083333199560938
-0.8200000000000154    6.414607084348423
-0.7200000000000157    12.392213145856301
-0.6200000000000161    17.674086274213444
-0.5200000000000164    20.191547013144664
-0.4200000000000168    18.939466800439156
-0.32000000000001716    14.360192915651712
-0.22000000000001751    8.174586854143843
-0.12000000000001787    2.724713725786658
-0.020000000000018225    0.07925298685536575
0.07999999999998142    1.2433331995607997
0.17999999999998106    5.77460708434819
0.2799999999999807    11.952213145856046
0.37999999999998035    17.434086274213254
0.47999999999998    20.1515470131446
0.5799999999999796    19.09946680043923
0.6799999999999793    14.720192915651875
0.7799999999999789    8.734586854144025
0.8799999999999786    3.4847137257867686
0.9799999999999782    1.0392529868553506
1.0799999999999779    2.403333199560647
1.1799999999999775    7.134607084347938
1.2799999999999772    13.512213145855778
1.3799999999999768    19.194086274213056
1.4799999999999764    22.111547013144524
1.579999999999976    21.259466800439284
1.6799999999999757    17.080192915652024
1.7799999999999754    11.294586854144182
1.879999999999975    6.244713725786871
1.9799999999999747    3.9992529868553213
2.0799999999999743    5.5633331995604784
2.179999999999974    10.494607084347667
2.2799999999999736    17.072213145855486
2.3799999999999732    22.954086274212834
2.479999999999973    26.071547013144432
2.5799999999999725    25.419466800439334
2.679999999999972    21.440192915652155
2.779999999999972    15.854586854144342
2.8799999999999715    11.00471372578696
2.979999999999971    8.959252986855276
3.0799999999999708    10.723333199560292
3.1799999999999704    15.854607084347382
3.27999999999997    22.6322131458552
3.3799999999999697    28.714086274212594
3.4799999999999693    32.03154701314432
3.579999999999969    31.579466800439356
3.6799999999999686    27.800192915652296
3.7799999999999683    22.41458685414447
3.879999999999968    17.764713725787026
3.9799999999999676    15.91925298685522
4.079999999999967    17.883333199560106
4.179999999999967    23.214607084347097
4.2799999999999665    30.192213145854897
4.379999999999966    36.474086274212354
4.479999999999966    39.9915470131442
4.579999999999965    39.73946680043936
4.679999999999965    36.160192915652395
4.779999999999965    30.974586854144622
4.879999999999964    26.524713725787073
4.979999999999964    24.87925298685515
5.079999999999964    27.043333199559893
5.179999999999963    32.574607084346766
